M1=100; 
m2=4;
k1=50;
k12=400;
b=50;
w=10;