M1=100; 
m2=5;
k1=50;
k12=500;
b=50;
w=10;